[0, 1, 3, 2]
[0, 1, 3, 2]
[0, 1, 2, 3]
[0, 1, 2, 3]
[1, 7, 4]
[1, 4, 7]
[1, 4, 7]
[2, 7, 8, 6, 9, 4, 3]
[2, 3, 8, 6, 9, 4, 7]
[2, 3, 4, 6, 9, 8, 7]
[2, 3, 4, 6, 9, 8, 7]
[2, 3, 4, 6, 7, 8, 9]
[2, 3, 4, 6, 7, 8, 9]
[2, 3, 4, 6, 7, 8, 9]
[-7, -2, 6, 8, -4, -5, 9]
[-7, -5, 6, 8, -4, -2, 9]
[-7, -5, -4, 8, 6, -2, 9]
[-7, -5, -4, -2, 6, 8, 9]
[-7, -5, -4, -2, 6, 8, 9]
[-7, -5, -4, -2, 6, 8, 9]
[-7, -5, -4, -2, 6, 8, 9]
[-9, 1, 0, -6, 8, 17, -1, 7, 15, 8, 9, 2, -6, 10, 16, -1, 15, -4, 8, 6, -2, 10, 9, 6, -6, 15, 6]
[-9, -6, 0, 1, 8, 17, -1, 7, 15, 8, 9, 2, -6, 10, 16, -1, 15, -4, 8, 6, -2, 10, 9, 6, -6, 15, 6]
[-9, -6, -6, 1, 8, 17, -1, 7, 15, 8, 9, 2, 0, 10, 16, -1, 15, -4, 8, 6, -2, 10, 9, 6, -6, 15, 6]
[-9, -6, -6, -6, 8, 17, -1, 7, 15, 8, 9, 2, 0, 10, 16, -1, 15, -4, 8, 6, -2, 10, 9, 6, 1, 15, 6]
[-9, -6, -6, -6, -4, 17, -1, 7, 15, 8, 9, 2, 0, 10, 16, -1, 15, 8, 8, 6, -2, 10, 9, 6, 1, 15, 6]
[-9, -6, -6, -6, -4, -2, -1, 7, 15, 8, 9, 2, 0, 10, 16, -1, 15, 8, 8, 6, 17, 10, 9, 6, 1, 15, 6]
[-9, -6, -6, -6, -4, -2, -1, 7, 15, 8, 9, 2, 0, 10, 16, -1, 15, 8, 8, 6, 17, 10, 9, 6, 1, 15, 6]
[-9, -6, -6, -6, -4, -2, -1, -1, 15, 8, 9, 2, 0, 10, 16, 7, 15, 8, 8, 6, 17, 10, 9, 6, 1, 15, 6]
[-9, -6, -6, -6, -4, -2, -1, -1, 0, 8, 9, 2, 15, 10, 16, 7, 15, 8, 8, 6, 17, 10, 9, 6, 1, 15, 6]
[-9, -6, -6, -6, -4, -2, -1, -1, 0, 1, 9, 2, 15, 10, 16, 7, 15, 8, 8, 6, 17, 10, 9, 6, 8, 15, 6]
[-9, -6, -6, -6, -4, -2, -1, -1, 0, 1, 2, 9, 15, 10, 16, 7, 15, 8, 8, 6, 17, 10, 9, 6, 8, 15, 6]
[-9, -6, -6, -6, -4, -2, -1, -1, 0, 1, 2, 6, 15, 10, 16, 7, 15, 8, 8, 9, 17, 10, 9, 6, 8, 15, 6]
[-9, -6, -6, -6, -4, -2, -1, -1, 0, 1, 2, 6, 6, 10, 16, 7, 15, 8, 8, 9, 17, 10, 9, 15, 8, 15, 6]
[-9, -6, -6, -6, -4, -2, -1, -1, 0, 1, 2, 6, 6, 6, 16, 7, 15, 8, 8, 9, 17, 10, 9, 15, 8, 15, 10]
[-9, -6, -6, -6, -4, -2, -1, -1, 0, 1, 2, 6, 6, 6, 7, 16, 15, 8, 8, 9, 17, 10, 9, 15, 8, 15, 10]
[-9, -6, -6, -6, -4, -2, -1, -1, 0, 1, 2, 6, 6, 6, 7, 8, 15, 16, 8, 9, 17, 10, 9, 15, 8, 15, 10]
[-9, -6, -6, -6, -4, -2, -1, -1, 0, 1, 2, 6, 6, 6, 7, 8, 8, 16, 15, 9, 17, 10, 9, 15, 8, 15, 10]
[-9, -6, -6, -6, -4, -2, -1, -1, 0, 1, 2, 6, 6, 6, 7, 8, 8, 8, 15, 9, 17, 10, 9, 15, 16, 15, 10]
[-9, -6, -6, -6, -4, -2, -1, -1, 0, 1, 2, 6, 6, 6, 7, 8, 8, 8, 9, 15, 17, 10, 9, 15, 16, 15, 10]
[-9, -6, -6, -6, -4, -2, -1, -1, 0, 1, 2, 6, 6, 6, 7, 8, 8, 8, 9, 9, 17, 10, 15, 15, 16, 15, 10]
[-9, -6, -6, -6, -4, -2, -1, -1, 0, 1, 2, 6, 6, 6, 7, 8, 8, 8, 9, 9, 10, 17, 15, 15, 16, 15, 10]
[-9, -6, -6, -6, -4, -2, -1, -1, 0, 1, 2, 6, 6, 6, 7, 8, 8, 8, 9, 9, 10, 10, 15, 15, 16, 15, 17]
[-9, -6, -6, -6, -4, -2, -1, -1, 0, 1, 2, 6, 6, 6, 7, 8, 8, 8, 9, 9, 10, 10, 15, 15, 16, 15, 17]
[-9, -6, -6, -6, -4, -2, -1, -1, 0, 1, 2, 6, 6, 6, 7, 8, 8, 8, 9, 9, 10, 10, 15, 15, 16, 15, 17]
[-9, -6, -6, -6, -4, -2, -1, -1, 0, 1, 2, 6, 6, 6, 7, 8, 8, 8, 9, 9, 10, 10, 15, 15, 15, 16, 17]
[-9, -6, -6, -6, -4, -2, -1, -1, 0, 1, 2, 6, 6, 6, 7, 8, 8, 8, 9, 9, 10, 10, 15, 15, 15, 16, 17]
[-9, -6, -6, -6, -4, -2, -1, -1, 0, 1, 2, 6, 6, 6, 7, 8, 8, 8, 9, 9, 10, 10, 15, 15, 15, 16, 17]
[-8, 20, 2, -4, 17, 3, 12, 4, -5, -6, 0, 0, 4, 3, 11, 8, 16, 20, 10, 14, 1, 5, 19, 12, 0, 10, -5]
[-8, -6, 2, -4, 17, 3, 12, 4, -5, 20, 0, 0, 4, 3, 11, 8, 16, 20, 10, 14, 1, 5, 19, 12, 0, 10, -5]
[-8, -6, -5, -4, 17, 3, 12, 4, 2, 20, 0, 0, 4, 3, 11, 8, 16, 20, 10, 14, 1, 5, 19, 12, 0, 10, -5]
[-8, -6, -5, -5, 17, 3, 12, 4, 2, 20, 0, 0, 4, 3, 11, 8, 16, 20, 10, 14, 1, 5, 19, 12, 0, 10, -4]
[-8, -6, -5, -5, -4, 3, 12, 4, 2, 20, 0, 0, 4, 3, 11, 8, 16, 20, 10, 14, 1, 5, 19, 12, 0, 10, 17]
[-8, -6, -5, -5, -4, 0, 12, 4, 2, 20, 3, 0, 4, 3, 11, 8, 16, 20, 10, 14, 1, 5, 19, 12, 0, 10, 17]
[-8, -6, -5, -5, -4, 0, 0, 4, 2, 20, 3, 12, 4, 3, 11, 8, 16, 20, 10, 14, 1, 5, 19, 12, 0, 10, 17]
[-8, -6, -5, -5, -4, 0, 0, 0, 2, 20, 3, 12, 4, 3, 11, 8, 16, 20, 10, 14, 1, 5, 19, 12, 4, 10, 17]
[-8, -6, -5, -5, -4, 0, 0, 0, 1, 20, 3, 12, 4, 3, 11, 8, 16, 20, 10, 14, 2, 5, 19, 12, 4, 10, 17]
[-8, -6, -5, -5, -4, 0, 0, 0, 1, 2, 3, 12, 4, 3, 11, 8, 16, 20, 10, 14, 20, 5, 19, 12, 4, 10, 17]
[-8, -6, -5, -5, -4, 0, 0, 0, 1, 2, 3, 12, 4, 3, 11, 8, 16, 20, 10, 14, 20, 5, 19, 12, 4, 10, 17]
[-8, -6, -5, -5, -4, 0, 0, 0, 1, 2, 3, 3, 4, 12, 11, 8, 16, 20, 10, 14, 20, 5, 19, 12, 4, 10, 17]
[-8, -6, -5, -5, -4, 0, 0, 0, 1, 2, 3, 3, 4, 12, 11, 8, 16, 20, 10, 14, 20, 5, 19, 12, 4, 10, 17]
[-8, -6, -5, -5, -4, 0, 0, 0, 1, 2, 3, 3, 4, 4, 11, 8, 16, 20, 10, 14, 20, 5, 19, 12, 12, 10, 17]
[-8, -6, -5, -5, -4, 0, 0, 0, 1, 2, 3, 3, 4, 4, 5, 8, 16, 20, 10, 14, 20, 11, 19, 12, 12, 10, 17]
[-8, -6, -5, -5, -4, 0, 0, 0, 1, 2, 3, 3, 4, 4, 5, 8, 16, 20, 10, 14, 20, 11, 19, 12, 12, 10, 17]
[-8, -6, -5, -5, -4, 0, 0, 0, 1, 2, 3, 3, 4, 4, 5, 8, 10, 20, 16, 14, 20, 11, 19, 12, 12, 10, 17]
[-8, -6, -5, -5, -4, 0, 0, 0, 1, 2, 3, 3, 4, 4, 5, 8, 10, 10, 16, 14, 20, 11, 19, 12, 12, 20, 17]
[-8, -6, -5, -5, -4, 0, 0, 0, 1, 2, 3, 3, 4, 4, 5, 8, 10, 10, 11, 14, 20, 16, 19, 12, 12, 20, 17]
[-8, -6, -5, -5, -4, 0, 0, 0, 1, 2, 3, 3, 4, 4, 5, 8, 10, 10, 11, 12, 20, 16, 19, 14, 12, 20, 17]
[-8, -6, -5, -5, -4, 0, 0, 0, 1, 2, 3, 3, 4, 4, 5, 8, 10, 10, 11, 12, 12, 16, 19, 14, 20, 20, 17]
[-8, -6, -5, -5, -4, 0, 0, 0, 1, 2, 3, 3, 4, 4, 5, 8, 10, 10, 11, 12, 12, 14, 19, 16, 20, 20, 17]
[-8, -6, -5, -5, -4, 0, 0, 0, 1, 2, 3, 3, 4, 4, 5, 8, 10, 10, 11, 12, 12, 14, 16, 19, 20, 20, 17]
[-8, -6, -5, -5, -4, 0, 0, 0, 1, 2, 3, 3, 4, 4, 5, 8, 10, 10, 11, 12, 12, 14, 16, 17, 20, 20, 19]
[-8, -6, -5, -5, -4, 0, 0, 0, 1, 2, 3, 3, 4, 4, 5, 8, 10, 10, 11, 12, 12, 14, 16, 17, 19, 20, 20]
[-8, -6, -5, -5, -4, 0, 0, 0, 1, 2, 3, 3, 4, 4, 5, 8, 10, 10, 11, 12, 12, 14, 16, 17, 19, 20, 20]
[-8, -6, -5, -5, -4, 0, 0, 0, 1, 2, 3, 3, 4, 4, 5, 8, 10, 10, 11, 12, 12, 14, 16, 17, 19, 20, 20]
[-8, 1, 0, 16, 6, 15, -1, 18, 8, 19, 20, 4, -7, 10, 11, 18, 7, 6, 18, 2, 11, 15, 3, 8, 12, -4, 14, 15, 10, 15, -8, 8]
[-8, -8, 0, 16, 6, 15, -1, 18, 8, 19, 20, 4, -7, 10, 11, 18, 7, 6, 18, 2, 11, 15, 3, 8, 12, -4, 14, 15, 10, 15, 1, 8]
[-8, -8, -7, 16, 6, 15, -1, 18, 8, 19, 20, 4, 0, 10, 11, 18, 7, 6, 18, 2, 11, 15, 3, 8, 12, -4, 14, 15, 10, 15, 1, 8]
[-8, -8, -7, -4, 6, 15, -1, 18, 8, 19, 20, 4, 0, 10, 11, 18, 7, 6, 18, 2, 11, 15, 3, 8, 12, 16, 14, 15, 10, 15, 1, 8]
[-8, -8, -7, -4, -1, 15, 6, 18, 8, 19, 20, 4, 0, 10, 11, 18, 7, 6, 18, 2, 11, 15, 3, 8, 12, 16, 14, 15, 10, 15, 1, 8]
[-8, -8, -7, -4, -1, 0, 6, 18, 8, 19, 20, 4, 15, 10, 11, 18, 7, 6, 18, 2, 11, 15, 3, 8, 12, 16, 14, 15, 10, 15, 1, 8]
[-8, -8, -7, -4, -1, 0, 1, 18, 8, 19, 20, 4, 15, 10, 11, 18, 7, 6, 18, 2, 11, 15, 3, 8, 12, 16, 14, 15, 10, 15, 6, 8]
[-8, -8, -7, -4, -1, 0, 1, 2, 8, 19, 20, 4, 15, 10, 11, 18, 7, 6, 18, 18, 11, 15, 3, 8, 12, 16, 14, 15, 10, 15, 6, 8]
[-8, -8, -7, -4, -1, 0, 1, 2, 3, 19, 20, 4, 15, 10, 11, 18, 7, 6, 18, 18, 11, 15, 8, 8, 12, 16, 14, 15, 10, 15, 6, 8]
[-8, -8, -7, -4, -1, 0, 1, 2, 3, 4, 20, 19, 15, 10, 11, 18, 7, 6, 18, 18, 11, 15, 8, 8, 12, 16, 14, 15, 10, 15, 6, 8]
[-8, -8, -7, -4, -1, 0, 1, 2, 3, 4, 6, 19, 15, 10, 11, 18, 7, 20, 18, 18, 11, 15, 8, 8, 12, 16, 14, 15, 10, 15, 6, 8]
[-8, -8, -7, -4, -1, 0, 1, 2, 3, 4, 6, 6, 15, 10, 11, 18, 7, 20, 18, 18, 11, 15, 8, 8, 12, 16, 14, 15, 10, 15, 19, 8]
[-8, -8, -7, -4, -1, 0, 1, 2, 3, 4, 6, 6, 7, 10, 11, 18, 15, 20, 18, 18, 11, 15, 8, 8, 12, 16, 14, 15, 10, 15, 19, 8]
[-8, -8, -7, -4, -1, 0, 1, 2, 3, 4, 6, 6, 7, 8, 11, 18, 15, 20, 18, 18, 11, 15, 10, 8, 12, 16, 14, 15, 10, 15, 19, 8]
[-8, -8, -7, -4, -1, 0, 1, 2, 3, 4, 6, 6, 7, 8, 8, 18, 15, 20, 18, 18, 11, 15, 10, 11, 12, 16, 14, 15, 10, 15, 19, 8]
[-8, -8, -7, -4, -1, 0, 1, 2, 3, 4, 6, 6, 7, 8, 8, 8, 15, 20, 18, 18, 11, 15, 10, 11, 12, 16, 14, 15, 10, 15, 19, 18]
[-8, -8, -7, -4, -1, 0, 1, 2, 3, 4, 6, 6, 7, 8, 8, 8, 10, 20, 18, 18, 11, 15, 15, 11, 12, 16, 14, 15, 10, 15, 19, 18]
[-8, -8, -7, -4, -1, 0, 1, 2, 3, 4, 6, 6, 7, 8, 8, 8, 10, 10, 18, 18, 11, 15, 15, 11, 12, 16, 14, 15, 20, 15, 19, 18]
[-8, -8, -7, -4, -1, 0, 1, 2, 3, 4, 6, 6, 7, 8, 8, 8, 10, 10, 11, 18, 18, 15, 15, 11, 12, 16, 14, 15, 20, 15, 19, 18]
[-8, -8, -7, -4, -1, 0, 1, 2, 3, 4, 6, 6, 7, 8, 8, 8, 10, 10, 11, 11, 18, 15, 15, 18, 12, 16, 14, 15, 20, 15, 19, 18]
[-8, -8, -7, -4, -1, 0, 1, 2, 3, 4, 6, 6, 7, 8, 8, 8, 10, 10, 11, 11, 12, 15, 15, 18, 18, 16, 14, 15, 20, 15, 19, 18]
[-8, -8, -7, -4, -1, 0, 1, 2, 3, 4, 6, 6, 7, 8, 8, 8, 10, 10, 11, 11, 12, 14, 15, 18, 18, 16, 15, 15, 20, 15, 19, 18]
[-8, -8, -7, -4, -1, 0, 1, 2, 3, 4, 6, 6, 7, 8, 8, 8, 10, 10, 11, 11, 12, 14, 15, 18, 18, 16, 15, 15, 20, 15, 19, 18]
[-8, -8, -7, -4, -1, 0, 1, 2, 3, 4, 6, 6, 7, 8, 8, 8, 10, 10, 11, 11, 12, 14, 15, 15, 18, 16, 18, 15, 20, 15, 19, 18]
[-8, -8, -7, -4, -1, 0, 1, 2, 3, 4, 6, 6, 7, 8, 8, 8, 10, 10, 11, 11, 12, 14, 15, 15, 15, 16, 18, 18, 20, 15, 19, 18]
[-8, -8, -7, -4, -1, 0, 1, 2, 3, 4, 6, 6, 7, 8, 8, 8, 10, 10, 11, 11, 12, 14, 15, 15, 15, 15, 18, 18, 20, 16, 19, 18]
[-8, -8, -7, -4, -1, 0, 1, 2, 3, 4, 6, 6, 7, 8, 8, 8, 10, 10, 11, 11, 12, 14, 15, 15, 15, 15, 16, 18, 20, 18, 19, 18]
[-8, -8, -7, -4, -1, 0, 1, 2, 3, 4, 6, 6, 7, 8, 8, 8, 10, 10, 11, 11, 12, 14, 15, 15, 15, 15, 16, 18, 20, 18, 19, 18]
[-8, -8, -7, -4, -1, 0, 1, 2, 3, 4, 6, 6, 7, 8, 8, 8, 10, 10, 11, 11, 12, 14, 15, 15, 15, 15, 16, 18, 18, 20, 19, 18]
[-8, -8, -7, -4, -1, 0, 1, 2, 3, 4, 6, 6, 7, 8, 8, 8, 10, 10, 11, 11, 12, 14, 15, 15, 15, 15, 16, 18, 18, 18, 19, 20]
[-8, -8, -7, -4, -1, 0, 1, 2, 3, 4, 6, 6, 7, 8, 8, 8, 10, 10, 11, 11, 12, 14, 15, 15, 15, 15, 16, 18, 18, 18, 19, 20]
[-8, -8, -7, -4, -1, 0, 1, 2, 3, 4, 6, 6, 7, 8, 8, 8, 10, 10, 11, 11, 12, 14, 15, 15, 15, 15, 16, 18, 18, 18, 19, 20]
[-9, 16, -1, 18, -4, 19, -6, 16, 12, 0, 9, -5, -4, 20, -9, 5, 8, 14, 4, -7, 7, 18, -8, -4, 8, 16]
[-9, -9, -1, 18, -4, 19, -6, 16, 12, 0, 9, -5, -4, 20, 16, 5, 8, 14, 4, -7, 7, 18, -8, -4, 8, 16]
[-9, -9, -8, 18, -4, 19, -6, 16, 12, 0, 9, -5, -4, 20, 16, 5, 8, 14, 4, -7, 7, 18, -1, -4, 8, 16]
[-9, -9, -8, -7, -4, 19, -6, 16, 12, 0, 9, -5, -4, 20, 16, 5, 8, 14, 4, 18, 7, 18, -1, -4, 8, 16]
[-9, -9, -8, -7, -6, 19, -4, 16, 12, 0, 9, -5, -4, 20, 16, 5, 8, 14, 4, 18, 7, 18, -1, -4, 8, 16]
[-9, -9, -8, -7, -6, -5, -4, 16, 12, 0, 9, 19, -4, 20, 16, 5, 8, 14, 4, 18, 7, 18, -1, -4, 8, 16]
[-9, -9, -8, -7, -6, -5, -4, 16, 12, 0, 9, 19, -4, 20, 16, 5, 8, 14, 4, 18, 7, 18, -1, -4, 8, 16]
[-9, -9, -8, -7, -6, -5, -4, -4, 12, 0, 9, 19, 16, 20, 16, 5, 8, 14, 4, 18, 7, 18, -1, -4, 8, 16]
[-9, -9, -8, -7, -6, -5, -4, -4, -4, 0, 9, 19, 16, 20, 16, 5, 8, 14, 4, 18, 7, 18, -1, 12, 8, 16]
[-9, -9, -8, -7, -6, -5, -4, -4, -4, -1, 9, 19, 16, 20, 16, 5, 8, 14, 4, 18, 7, 18, 0, 12, 8, 16]
[-9, -9, -8, -7, -6, -5, -4, -4, -4, -1, 0, 19, 16, 20, 16, 5, 8, 14, 4, 18, 7, 18, 9, 12, 8, 16]
[-9, -9, -8, -7, -6, -5, -4, -4, -4, -1, 0, 4, 16, 20, 16, 5, 8, 14, 19, 18, 7, 18, 9, 12, 8, 16]
[-9, -9, -8, -7, -6, -5, -4, -4, -4, -1, 0, 4, 5, 20, 16, 16, 8, 14, 19, 18, 7, 18, 9, 12, 8, 16]
[-9, -9, -8, -7, -6, -5, -4, -4, -4, -1, 0, 4, 5, 7, 16, 16, 8, 14, 19, 18, 20, 18, 9, 12, 8, 16]
[-9, -9, -8, -7, -6, -5, -4, -4, -4, -1, 0, 4, 5, 7, 8, 16, 16, 14, 19, 18, 20, 18, 9, 12, 8, 16]
[-9, -9, -8, -7, -6, -5, -4, -4, -4, -1, 0, 4, 5, 7, 8, 8, 16, 14, 19, 18, 20, 18, 9, 12, 16, 16]
[-9, -9, -8, -7, -6, -5, -4, -4, -4, -1, 0, 4, 5, 7, 8, 8, 9, 14, 19, 18, 20, 18, 16, 12, 16, 16]
[-9, -9, -8, -7, -6, -5, -4, -4, -4, -1, 0, 4, 5, 7, 8, 8, 9, 12, 19, 18, 20, 18, 16, 14, 16, 16]
[-9, -9, -8, -7, -6, -5, -4, -4, -4, -1, 0, 4, 5, 7, 8, 8, 9, 12, 14, 18, 20, 18, 16, 19, 16, 16]
[-9, -9, -8, -7, -6, -5, -4, -4, -4, -1, 0, 4, 5, 7, 8, 8, 9, 12, 14, 16, 20, 18, 18, 19, 16, 16]
[-9, -9, -8, -7, -6, -5, -4, -4, -4, -1, 0, 4, 5, 7, 8, 8, 9, 12, 14, 16, 16, 18, 18, 19, 20, 16]
[-9, -9, -8, -7, -6, -5, -4, -4, -4, -1, 0, 4, 5, 7, 8, 8, 9, 12, 14, 16, 16, 16, 18, 19, 20, 18]
[-9, -9, -8, -7, -6, -5, -4, -4, -4, -1, 0, 4, 5, 7, 8, 8, 9, 12, 14, 16, 16, 16, 18, 19, 20, 18]
[-9, -9, -8, -7, -6, -5, -4, -4, -4, -1, 0, 4, 5, 7, 8, 8, 9, 12, 14, 16, 16, 16, 18, 18, 20, 19]
[-9, -9, -8, -7, -6, -5, -4, -4, -4, -1, 0, 4, 5, 7, 8, 8, 9, 12, 14, 16, 16, 16, 18, 18, 19, 20]
[-9, -9, -8, -7, -6, -5, -4, -4, -4, -1, 0, 4, 5, 7, 8, 8, 9, 12, 14, 16, 16, 16, 18, 18, 19, 20]
[-5, 12, 16, 19, 8, 9, -4, 17, 9, 1, 19, 7, 3, 9, 0, 3, 9, 9, 1, 11]
[-5, -4, 16, 19, 8, 9, 12, 17, 9, 1, 19, 7, 3, 9, 0, 3, 9, 9, 1, 11]
[-5, -4, 0, 19, 8, 9, 12, 17, 9, 1, 19, 7, 3, 9, 16, 3, 9, 9, 1, 11]
[-5, -4, 0, 1, 8, 9, 12, 17, 9, 19, 19, 7, 3, 9, 16, 3, 9, 9, 1, 11]
[-5, -4, 0, 1, 1, 9, 12, 17, 9, 19, 19, 7, 3, 9, 16, 3, 9, 9, 8, 11]
[-5, -4, 0, 1, 1, 3, 12, 17, 9, 19, 19, 7, 9, 9, 16, 3, 9, 9, 8, 11]
[-5, -4, 0, 1, 1, 3, 3, 17, 9, 19, 19, 7, 9, 9, 16, 12, 9, 9, 8, 11]
[-5, -4, 0, 1, 1, 3, 3, 7, 9, 19, 19, 17, 9, 9, 16, 12, 9, 9, 8, 11]
[-5, -4, 0, 1, 1, 3, 3, 7, 8, 19, 19, 17, 9, 9, 16, 12, 9, 9, 9, 11]
[-5, -4, 0, 1, 1, 3, 3, 7, 8, 9, 19, 17, 19, 9, 16, 12, 9, 9, 9, 11]
[-5, -4, 0, 1, 1, 3, 3, 7, 8, 9, 9, 17, 19, 19, 16, 12, 9, 9, 9, 11]
[-5, -4, 0, 1, 1, 3, 3, 7, 8, 9, 9, 9, 19, 19, 16, 12, 17, 9, 9, 11]
[-5, -4, 0, 1, 1, 3, 3, 7, 8, 9, 9, 9, 9, 19, 16, 12, 17, 19, 9, 11]
[-5, -4, 0, 1, 1, 3, 3, 7, 8, 9, 9, 9, 9, 9, 16, 12, 17, 19, 19, 11]
[-5, -4, 0, 1, 1, 3, 3, 7, 8, 9, 9, 9, 9, 9, 11, 12, 17, 19, 19, 16]
[-5, -4, 0, 1, 1, 3, 3, 7, 8, 9, 9, 9, 9, 9, 11, 12, 17, 19, 19, 16]
[-5, -4, 0, 1, 1, 3, 3, 7, 8, 9, 9, 9, 9, 9, 11, 12, 16, 19, 19, 17]
[-5, -4, 0, 1, 1, 3, 3, 7, 8, 9, 9, 9, 9, 9, 11, 12, 16, 17, 19, 19]
[-5, -4, 0, 1, 1, 3, 3, 7, 8, 9, 9, 9, 9, 9, 11, 12, 16, 17, 19, 19]
[-5, -4, 0, 1, 1, 3, 3, 7, 8, 9, 9, 9, 9, 9, 11, 12, 16, 17, 19, 19]
[-7, 5, 13, 9, -3, 16, 2, 2, -1, 3, 7, 16, 13, 8, -1, 6, 13, -5, 13, -6, -1, -2, -2, -1, 17, 11, 1, 11]
[-7, -6, 13, 9, -3, 16, 2, 2, -1, 3, 7, 16, 13, 8, -1, 6, 13, -5, 13, 5, -1, -2, -2, -1, 17, 11, 1, 11]
[-7, -6, -5, 9, -3, 16, 2, 2, -1, 3, 7, 16, 13, 8, -1, 6, 13, 13, 13, 5, -1, -2, -2, -1, 17, 11, 1, 11]
[-7, -6, -5, -3, 9, 16, 2, 2, -1, 3, 7, 16, 13, 8, -1, 6, 13, 13, 13, 5, -1, -2, -2, -1, 17, 11, 1, 11]
[-7, -6, -5, -3, -2, 16, 2, 2, -1, 3, 7, 16, 13, 8, -1, 6, 13, 13, 13, 5, -1, 9, -2, -1, 17, 11, 1, 11]
[-7, -6, -5, -3, -2, -2, 2, 2, -1, 3, 7, 16, 13, 8, -1, 6, 13, 13, 13, 5, -1, 9, 16, -1, 17, 11, 1, 11]
[-7, -6, -5, -3, -2, -2, -1, 2, 2, 3, 7, 16, 13, 8, -1, 6, 13, 13, 13, 5, -1, 9, 16, -1, 17, 11, 1, 11]
[-7, -6, -5, -3, -2, -2, -1, -1, 2, 3, 7, 16, 13, 8, 2, 6, 13, 13, 13, 5, -1, 9, 16, -1, 17, 11, 1, 11]
[-7, -6, -5, -3, -2, -2, -1, -1, -1, 3, 7, 16, 13, 8, 2, 6, 13, 13, 13, 5, 2, 9, 16, -1, 17, 11, 1, 11]
[-7, -6, -5, -3, -2, -2, -1, -1, -1, -1, 7, 16, 13, 8, 2, 6, 13, 13, 13, 5, 2, 9, 16, 3, 17, 11, 1, 11]
[-7, -6, -5, -3, -2, -2, -1, -1, -1, -1, 1, 16, 13, 8, 2, 6, 13, 13, 13, 5, 2, 9, 16, 3, 17, 11, 7, 11]
[-7, -6, -5, -3, -2, -2, -1, -1, -1, -1, 1, 2, 13, 8, 16, 6, 13, 13, 13, 5, 2, 9, 16, 3, 17, 11, 7, 11]
[-7, -6, -5, -3, -2, -2, -1, -1, -1, -1, 1, 2, 2, 8, 16, 6, 13, 13, 13, 5, 13, 9, 16, 3, 17, 11, 7, 11]
[-7, -6, -5, -3, -2, -2, -1, -1, -1, -1, 1, 2, 2, 3, 16, 6, 13, 13, 13, 5, 13, 9, 16, 8, 17, 11, 7, 11]
[-7, -6, -5, -3, -2, -2, -1, -1, -1, -1, 1, 2, 2, 3, 5, 6, 13, 13, 13, 16, 13, 9, 16, 8, 17, 11, 7, 11]
[-7, -6, -5, -3, -2, -2, -1, -1, -1, -1, 1, 2, 2, 3, 5, 6, 13, 13, 13, 16, 13, 9, 16, 8, 17, 11, 7, 11]
[-7, -6, -5, -3, -2, -2, -1, -1, -1, -1, 1, 2, 2, 3, 5, 6, 7, 13, 13, 16, 13, 9, 16, 8, 17, 11, 13, 11]
[-7, -6, -5, -3, -2, -2, -1, -1, -1, -1, 1, 2, 2, 3, 5, 6, 7, 8, 13, 16, 13, 9, 16, 13, 17, 11, 13, 11]
[-7, -6, -5, -3, -2, -2, -1, -1, -1, -1, 1, 2, 2, 3, 5, 6, 7, 8, 9, 16, 13, 13, 16, 13, 17, 11, 13, 11]
[-7, -6, -5, -3, -2, -2, -1, -1, -1, -1, 1, 2, 2, 3, 5, 6, 7, 8, 9, 11, 13, 13, 16, 13, 17, 16, 13, 11]
[-7, -6, -5, -3, -2, -2, -1, -1, -1, -1, 1, 2, 2, 3, 5, 6, 7, 8, 9, 11, 11, 13, 16, 13, 17, 16, 13, 13]
[-7, -6, -5, -3, -2, -2, -1, -1, -1, -1, 1, 2, 2, 3, 5, 6, 7, 8, 9, 11, 11, 13, 16, 13, 17, 16, 13, 13]
[-7, -6, -5, -3, -2, -2, -1, -1, -1, -1, 1, 2, 2, 3, 5, 6, 7, 8, 9, 11, 11, 13, 13, 16, 17, 16, 13, 13]
[-7, -6, -5, -3, -2, -2, -1, -1, -1, -1, 1, 2, 2, 3, 5, 6, 7, 8, 9, 11, 11, 13, 13, 13, 17, 16, 16, 13]
[-7, -6, -5, -3, -2, -2, -1, -1, -1, -1, 1, 2, 2, 3, 5, 6, 7, 8, 9, 11, 11, 13, 13, 13, 13, 16, 16, 17]
[-7, -6, -5, -3, -2, -2, -1, -1, -1, -1, 1, 2, 2, 3, 5, 6, 7, 8, 9, 11, 11, 13, 13, 13, 13, 16, 16, 17]
[-7, -6, -5, -3, -2, -2, -1, -1, -1, -1, 1, 2, 2, 3, 5, 6, 7, 8, 9, 11, 11, 13, 13, 13, 13, 16, 16, 17]
[-7, -6, -5, -3, -2, -2, -1, -1, -1, -1, 1, 2, 2, 3, 5, 6, 7, 8, 9, 11, 11, 13, 13, 13, 13, 16, 16, 17]
[-9, -8, 1, -3, 8, 6, 19, 12, -7, 7, 14, 7, -3, 17, 4, 11, 3, 11, 17, 19, 1]
[-9, -8, 1, -3, 8, 6, 19, 12, -7, 7, 14, 7, -3, 17, 4, 11, 3, 11, 17, 19, 1]
[-9, -8, -7, -3, 8, 6, 19, 12, 1, 7, 14, 7, -3, 17, 4, 11, 3, 11, 17, 19, 1]
[-9, -8, -7, -3, 8, 6, 19, 12, 1, 7, 14, 7, -3, 17, 4, 11, 3, 11, 17, 19, 1]
[-9, -8, -7, -3, -3, 6, 19, 12, 1, 7, 14, 7, 8, 17, 4, 11, 3, 11, 17, 19, 1]
[-9, -8, -7, -3, -3, 1, 19, 12, 6, 7, 14, 7, 8, 17, 4, 11, 3, 11, 17, 19, 1]
[-9, -8, -7, -3, -3, 1, 1, 12, 6, 7, 14, 7, 8, 17, 4, 11, 3, 11, 17, 19, 19]
[-9, -8, -7, -3, -3, 1, 1, 3, 6, 7, 14, 7, 8, 17, 4, 11, 12, 11, 17, 19, 19]
[-9, -8, -7, -3, -3, 1, 1, 3, 4, 7, 14, 7, 8, 17, 6, 11, 12, 11, 17, 19, 19]
[-9, -8, -7, -3, -3, 1, 1, 3, 4, 6, 14, 7, 8, 17, 7, 11, 12, 11, 17, 19, 19]
[-9, -8, -7, -3, -3, 1, 1, 3, 4, 6, 7, 14, 8, 17, 7, 11, 12, 11, 17, 19, 19]
[-9, -8, -7, -3, -3, 1, 1, 3, 4, 6, 7, 7, 8, 17, 14, 11, 12, 11, 17, 19, 19]
[-9, -8, -7, -3, -3, 1, 1, 3, 4, 6, 7, 7, 8, 17, 14, 11, 12, 11, 17, 19, 19]
[-9, -8, -7, -3, -3, 1, 1, 3, 4, 6, 7, 7, 8, 11, 14, 17, 12, 11, 17, 19, 19]
[-9, -8, -7, -3, -3, 1, 1, 3, 4, 6, 7, 7, 8, 11, 11, 17, 12, 14, 17, 19, 19]
[-9, -8, -7, -3, -3, 1, 1, 3, 4, 6, 7, 7, 8, 11, 11, 12, 17, 14, 17, 19, 19]
[-9, -8, -7, -3, -3, 1, 1, 3, 4, 6, 7, 7, 8, 11, 11, 12, 14, 17, 17, 19, 19]
[-9, -8, -7, -3, -3, 1, 1, 3, 4, 6, 7, 7, 8, 11, 11, 12, 14, 17, 17, 19, 19]
[-9, -8, -7, -3, -3, 1, 1, 3, 4, 6, 7, 7, 8, 11, 11, 12, 14, 17, 17, 19, 19]
[-9, -8, -7, -3, -3, 1, 1, 3, 4, 6, 7, 7, 8, 11, 11, 12, 14, 17, 17, 19, 19]
[-9, -8, -7, -3, -3, 1, 1, 3, 4, 6, 7, 7, 8, 11, 11, 12, 14, 17, 17, 19, 19]
[-8, 3, 9, 4, 17, 3, 17, 17, 3, 18, 13, -4, 12, 15, -7, 15, -5, -1, 6, -7, -1, 18, 14, -4, 5, 13, 5]
[-8, -7, 9, 4, 17, 3, 17, 17, 3, 18, 13, -4, 12, 15, 3, 15, -5, -1, 6, -7, -1, 18, 14, -4, 5, 13, 5]
[-8, -7, -7, 4, 17, 3, 17, 17, 3, 18, 13, -4, 12, 15, 3, 15, -5, -1, 6, 9, -1, 18, 14, -4, 5, 13, 5]
[-8, -7, -7, -5, 17, 3, 17, 17, 3, 18, 13, -4, 12, 15, 3, 15, 4, -1, 6, 9, -1, 18, 14, -4, 5, 13, 5]
[-8, -7, -7, -5, -4, 3, 17, 17, 3, 18, 13, 17, 12, 15, 3, 15, 4, -1, 6, 9, -1, 18, 14, -4, 5, 13, 5]
[-8, -7, -7, -5, -4, -4, 17, 17, 3, 18, 13, 17, 12, 15, 3, 15, 4, -1, 6, 9, -1, 18, 14, 3, 5, 13, 5]
[-8, -7, -7, -5, -4, -4, -1, 17, 3, 18, 13, 17, 12, 15, 3, 15, 4, 17, 6, 9, -1, 18, 14, 3, 5, 13, 5]
[-8, -7, -7, -5, -4, -4, -1, -1, 3, 18, 13, 17, 12, 15, 3, 15, 4, 17, 6, 9, 17, 18, 14, 3, 5, 13, 5]
[-8, -7, -7, -5, -4, -4, -1, -1, 3, 18, 13, 17, 12, 15, 3, 15, 4, 17, 6, 9, 17, 18, 14, 3, 5, 13, 5]
[-8, -7, -7, -5, -4, -4, -1, -1, 3, 3, 13, 17, 12, 15, 18, 15, 4, 17, 6, 9, 17, 18, 14, 3, 5, 13, 5]
[-8, -7, -7, -5, -4, -4, -1, -1, 3, 3, 3, 17, 12, 15, 18, 15, 4, 17, 6, 9, 17, 18, 14, 13, 5, 13, 5]
[-8, -7, -7, -5, -4, -4, -1, -1, 3, 3, 3, 4, 12, 15, 18, 15, 17, 17, 6, 9, 17, 18, 14, 13, 5, 13, 5]
[-8, -7, -7, -5, -4, -4, -1, -1, 3, 3, 3, 4, 5, 15, 18, 15, 17, 17, 6, 9, 17, 18, 14, 13, 12, 13, 5]
[-8, -7, -7, -5, -4, -4, -1, -1, 3, 3, 3, 4, 5, 5, 18, 15, 17, 17, 6, 9, 17, 18, 14, 13, 12, 13, 15]
[-8, -7, -7, -5, -4, -4, -1, -1, 3, 3, 3, 4, 5, 5, 6, 15, 17, 17, 18, 9, 17, 18, 14, 13, 12, 13, 15]
[-8, -7, -7, -5, -4, -4, -1, -1, 3, 3, 3, 4, 5, 5, 6, 9, 17, 17, 18, 15, 17, 18, 14, 13, 12, 13, 15]
[-8, -7, -7, -5, -4, -4, -1, -1, 3, 3, 3, 4, 5, 5, 6, 9, 12, 17, 18, 15, 17, 18, 14, 13, 17, 13, 15]
[-8, -7, -7, -5, -4, -4, -1, -1, 3, 3, 3, 4, 5, 5, 6, 9, 12, 13, 18, 15, 17, 18, 14, 17, 17, 13, 15]
[-8, -7, -7, -5, -4, -4, -1, -1, 3, 3, 3, 4, 5, 5, 6, 9, 12, 13, 13, 15, 17, 18, 14, 17, 17, 18, 15]
[-8, -7, -7, -5, -4, -4, -1, -1, 3, 3, 3, 4, 5, 5, 6, 9, 12, 13, 13, 14, 17, 18, 15, 17, 17, 18, 15]
[-8, -7, -7, -5, -4, -4, -1, -1, 3, 3, 3, 4, 5, 5, 6, 9, 12, 13, 13, 14, 15, 18, 17, 17, 17, 18, 15]
[-8, -7, -7, -5, -4, -4, -1, -1, 3, 3, 3, 4, 5, 5, 6, 9, 12, 13, 13, 14, 15, 15, 17, 17, 17, 18, 18]
[-8, -7, -7, -5, -4, -4, -1, -1, 3, 3, 3, 4, 5, 5, 6, 9, 12, 13, 13, 14, 15, 15, 17, 17, 17, 18, 18]
[-8, -7, -7, -5, -4, -4, -1, -1, 3, 3, 3, 4, 5, 5, 6, 9, 12, 13, 13, 14, 15, 15, 17, 17, 17, 18, 18]
[-8, -7, -7, -5, -4, -4, -1, -1, 3, 3, 3, 4, 5, 5, 6, 9, 12, 13, 13, 14, 15, 15, 17, 17, 17, 18, 18]
[-8, -7, -7, -5, -4, -4, -1, -1, 3, 3, 3, 4, 5, 5, 6, 9, 12, 13, 13, 14, 15, 15, 17, 17, 17, 18, 18]
[-8, -7, -7, -5, -4, -4, -1, -1, 3, 3, 3, 4, 5, 5, 6, 9, 12, 13, 13, 14, 15, 15, 17, 17, 17, 18, 18]
[-9, 20, 8, 14, 15, -8, 5, 16, -3, -2, 13, 16, -5, 3, 4, 8, 17, -1, 14, -6, -1, 14, 0, 15, -4, 3, 12, 15, -4, -3, 7, -2, 14, 17, -5, -3, 2, 20, -6]
[-9, -8, 8, 14, 15, 20, 5, 16, -3, -2, 13, 16, -5, 3, 4, 8, 17, -1, 14, -6, -1, 14, 0, 15, -4, 3, 12, 15, -4, -3, 7, -2, 14, 17, -5, -3, 2, 20, -6]
[-9, -8, -6, 14, 15, 20, 5, 16, -3, -2, 13, 16, -5, 3, 4, 8, 17, -1, 14, 8, -1, 14, 0, 15, -4, 3, 12, 15, -4, -3, 7, -2, 14, 17, -5, -3, 2, 20, -6]
[-9, -8, -6, -6, 15, 20, 5, 16, -3, -2, 13, 16, -5, 3, 4, 8, 17, -1, 14, 8, -1, 14, 0, 15, -4, 3, 12, 15, -4, -3, 7, -2, 14, 17, -5, -3, 2, 20, 14]
[-9, -8, -6, -6, -5, 20, 5, 16, -3, -2, 13, 16, 15, 3, 4, 8, 17, -1, 14, 8, -1, 14, 0, 15, -4, 3, 12, 15, -4, -3, 7, -2, 14, 17, -5, -3, 2, 20, 14]
[-9, -8, -6, -6, -5, -5, 5, 16, -3, -2, 13, 16, 15, 3, 4, 8, 17, -1, 14, 8, -1, 14, 0, 15, -4, 3, 12, 15, -4, -3, 7, -2, 14, 17, 20, -3, 2, 20, 14]
[-9, -8, -6, -6, -5, -5, -4, 16, -3, -2, 13, 16, 15, 3, 4, 8, 17, -1, 14, 8, -1, 14, 0, 15, 5, 3, 12, 15, -4, -3, 7, -2, 14, 17, 20, -3, 2, 20, 14]
[-9, -8, -6, -6, -5, -5, -4, -4, -3, -2, 13, 16, 15, 3, 4, 8, 17, -1, 14, 8, -1, 14, 0, 15, 5, 3, 12, 15, 16, -3, 7, -2, 14, 17, 20, -3, 2, 20, 14]
[-9, -8, -6, -6, -5, -5, -4, -4, -3, -2, 13, 16, 15, 3, 4, 8, 17, -1, 14, 8, -1, 14, 0, 15, 5, 3, 12, 15, 16, -3, 7, -2, 14, 17, 20, -3, 2, 20, 14]
[-9, -8, -6, -6, -5, -5, -4, -4, -3, -3, 13, 16, 15, 3, 4, 8, 17, -1, 14, 8, -1, 14, 0, 15, 5, 3, 12, 15, 16, -2, 7, -2, 14, 17, 20, -3, 2, 20, 14]
[-9, -8, -6, -6, -5, -5, -4, -4, -3, -3, -3, 16, 15, 3, 4, 8, 17, -1, 14, 8, -1, 14, 0, 15, 5, 3, 12, 15, 16, -2, 7, -2, 14, 17, 20, 13, 2, 20, 14]
[-9, -8, -6, -6, -5, -5, -4, -4, -3, -3, -3, -2, 15, 3, 4, 8, 17, -1, 14, 8, -1, 14, 0, 15, 5, 3, 12, 15, 16, 16, 7, -2, 14, 17, 20, 13, 2, 20, 14]
[-9, -8, -6, -6, -5, -5, -4, -4, -3, -3, -3, -2, -2, 3, 4, 8, 17, -1, 14, 8, -1, 14, 0, 15, 5, 3, 12, 15, 16, 16, 7, 15, 14, 17, 20, 13, 2, 20, 14]
[-9, -8, -6, -6, -5, -5, -4, -4, -3, -3, -3, -2, -2, -1, 4, 8, 17, 3, 14, 8, -1, 14, 0, 15, 5, 3, 12, 15, 16, 16, 7, 15, 14, 17, 20, 13, 2, 20, 14]
[-9, -8, -6, -6, -5, -5, -4, -4, -3, -3, -3, -2, -2, -1, -1, 8, 17, 3, 14, 8, 4, 14, 0, 15, 5, 3, 12, 15, 16, 16, 7, 15, 14, 17, 20, 13, 2, 20, 14]
[-9, -8, -6, -6, -5, -5, -4, -4, -3, -3, -3, -2, -2, -1, -1, 0, 17, 3, 14, 8, 4, 14, 8, 15, 5, 3, 12, 15, 16, 16, 7, 15, 14, 17, 20, 13, 2, 20, 14]
[-9, -8, -6, -6, -5, -5, -4, -4, -3, -3, -3, -2, -2, -1, -1, 0, 2, 3, 14, 8, 4, 14, 8, 15, 5, 3, 12, 15, 16, 16, 7, 15, 14, 17, 20, 13, 17, 20, 14]
[-9, -8, -6, -6, -5, -5, -4, -4, -3, -3, -3, -2, -2, -1, -1, 0, 2, 3, 14, 8, 4, 14, 8, 15, 5, 3, 12, 15, 16, 16, 7, 15, 14, 17, 20, 13, 17, 20, 14]
[-9, -8, -6, -6, -5, -5, -4, -4, -3, -3, -3, -2, -2, -1, -1, 0, 2, 3, 3, 8, 4, 14, 8, 15, 5, 14, 12, 15, 16, 16, 7, 15, 14, 17, 20, 13, 17, 20, 14]
[-9, -8, -6, -6, -5, -5, -4, -4, -3, -3, -3, -2, -2, -1, -1, 0, 2, 3, 3, 4, 8, 14, 8, 15, 5, 14, 12, 15, 16, 16, 7, 15, 14, 17, 20, 13, 17, 20, 14]
[-9, -8, -6, -6, -5, -5, -4, -4, -3, -3, -3, -2, -2, -1, -1, 0, 2, 3, 3, 4, 5, 14, 8, 15, 8, 14, 12, 15, 16, 16, 7, 15, 14, 17, 20, 13, 17, 20, 14]
[-9, -8, -6, -6, -5, -5, -4, -4, -3, -3, -3, -2, -2, -1, -1, 0, 2, 3, 3, 4, 5, 7, 8, 15, 8, 14, 12, 15, 16, 16, 14, 15, 14, 17, 20, 13, 17, 20, 14]
[-9, -8, -6, -6, -5, -5, -4, -4, -3, -3, -3, -2, -2, -1, -1, 0, 2, 3, 3, 4, 5, 7, 8, 15, 8, 14, 12, 15, 16, 16, 14, 15, 14, 17, 20, 13, 17, 20, 14]
[-9, -8, -6, -6, -5, -5, -4, -4, -3, -3, -3, -2, -2, -1, -1, 0, 2, 3, 3, 4, 5, 7, 8, 8, 15, 14, 12, 15, 16, 16, 14, 15, 14, 17, 20, 13, 17, 20, 14]
[-9, -8, -6, -6, -5, -5, -4, -4, -3, -3, -3, -2, -2, -1, -1, 0, 2, 3, 3, 4, 5, 7, 8, 8, 12, 14, 15, 15, 16, 16, 14, 15, 14, 17, 20, 13, 17, 20, 14]
[-9, -8, -6, -6, -5, -5, -4, -4, -3, -3, -3, -2, -2, -1, -1, 0, 2, 3, 3, 4, 5, 7, 8, 8, 12, 13, 15, 15, 16, 16, 14, 15, 14, 17, 20, 14, 17, 20, 14]
[-9, -8, -6, -6, -5, -5, -4, -4, -3, -3, -3, -2, -2, -1, -1, 0, 2, 3, 3, 4, 5, 7, 8, 8, 12, 13, 14, 15, 16, 16, 15, 15, 14, 17, 20, 14, 17, 20, 14]
[-9, -8, -6, -6, -5, -5, -4, -4, -3, -3, -3, -2, -2, -1, -1, 0, 2, 3, 3, 4, 5, 7, 8, 8, 12, 13, 14, 14, 16, 16, 15, 15, 15, 17, 20, 14, 17, 20, 14]
[-9, -8, -6, -6, -5, -5, -4, -4, -3, -3, -3, -2, -2, -1, -1, 0, 2, 3, 3, 4, 5, 7, 8, 8, 12, 13, 14, 14, 14, 16, 15, 15, 15, 17, 20, 16, 17, 20, 14]
[-9, -8, -6, -6, -5, -5, -4, -4, -3, -3, -3, -2, -2, -1, -1, 0, 2, 3, 3, 4, 5, 7, 8, 8, 12, 13, 14, 14, 14, 14, 15, 15, 15, 17, 20, 16, 17, 20, 16]
[-9, -8, -6, -6, -5, -5, -4, -4, -3, -3, -3, -2, -2, -1, -1, 0, 2, 3, 3, 4, 5, 7, 8, 8, 12, 13, 14, 14, 14, 14, 15, 15, 15, 17, 20, 16, 17, 20, 16]
[-9, -8, -6, -6, -5, -5, -4, -4, -3, -3, -3, -2, -2, -1, -1, 0, 2, 3, 3, 4, 5, 7, 8, 8, 12, 13, 14, 14, 14, 14, 15, 15, 15, 17, 20, 16, 17, 20, 16]
[-9, -8, -6, -6, -5, -5, -4, -4, -3, -3, -3, -2, -2, -1, -1, 0, 2, 3, 3, 4, 5, 7, 8, 8, 12, 13, 14, 14, 14, 14, 15, 15, 15, 17, 20, 16, 17, 20, 16]
[-9, -8, -6, -6, -5, -5, -4, -4, -3, -3, -3, -2, -2, -1, -1, 0, 2, 3, 3, 4, 5, 7, 8, 8, 12, 13, 14, 14, 14, 14, 15, 15, 15, 16, 20, 17, 17, 20, 16]
[-9, -8, -6, -6, -5, -5, -4, -4, -3, -3, -3, -2, -2, -1, -1, 0, 2, 3, 3, 4, 5, 7, 8, 8, 12, 13, 14, 14, 14, 14, 15, 15, 15, 16, 16, 17, 17, 20, 20]
[-9, -8, -6, -6, -5, -5, -4, -4, -3, -3, -3, -2, -2, -1, -1, 0, 2, 3, 3, 4, 5, 7, 8, 8, 12, 13, 14, 14, 14, 14, 15, 15, 15, 16, 16, 17, 17, 20, 20]
[-9, -8, -6, -6, -5, -5, -4, -4, -3, -3, -3, -2, -2, -1, -1, 0, 2, 3, 3, 4, 5, 7, 8, 8, 12, 13, 14, 14, 14, 14, 15, 15, 15, 16, 16, 17, 17, 20, 20]
[-9, -8, -6, -6, -5, -5, -4, -4, -3, -3, -3, -2, -2, -1, -1, 0, 2, 3, 3, 4, 5, 7, 8, 8, 12, 13, 14, 14, 14, 14, 15, 15, 15, 16, 16, 17, 17, 20, 20]
[-9, -8, -6, -6, -5, -5, -4, -4, -3, -3, -3, -2, -2, -1, -1, 0, 2, 3, 3, 4, 5, 7, 8, 8, 12, 13, 14, 14, 14, 14, 15, 15, 15, 16, 16, 17, 17, 20, 20]
[-9, 3, 13, -8, -8, -8, 3, 8, 6, 18, -6, 19, 16, 11, 11, 15, 1, 5, 0, 13, -2, 4, 8, 8, 9, 0, -4, 20, -2, -7, 15, -3, 13, 17, 17]
[-9, -8, 13, 3, -8, -8, 3, 8, 6, 18, -6, 19, 16, 11, 11, 15, 1, 5, 0, 13, -2, 4, 8, 8, 9, 0, -4, 20, -2, -7, 15, -3, 13, 17, 17]
[-9, -8, -8, 3, 13, -8, 3, 8, 6, 18, -6, 19, 16, 11, 11, 15, 1, 5, 0, 13, -2, 4, 8, 8, 9, 0, -4, 20, -2, -7, 15, -3, 13, 17, 17]
[-9, -8, -8, -8, 13, 3, 3, 8, 6, 18, -6, 19, 16, 11, 11, 15, 1, 5, 0, 13, -2, 4, 8, 8, 9, 0, -4, 20, -2, -7, 15, -3, 13, 17, 17]
[-9, -8, -8, -8, -7, 3, 3, 8, 6, 18, -6, 19, 16, 11, 11, 15, 1, 5, 0, 13, -2, 4, 8, 8, 9, 0, -4, 20, -2, 13, 15, -3, 13, 17, 17]
[-9, -8, -8, -8, -7, -6, 3, 8, 6, 18, 3, 19, 16, 11, 11, 15, 1, 5, 0, 13, -2, 4, 8, 8, 9, 0, -4, 20, -2, 13, 15, -3, 13, 17, 17]
[-9, -8, -8, -8, -7, -6, -4, 8, 6, 18, 3, 19, 16, 11, 11, 15, 1, 5, 0, 13, -2, 4, 8, 8, 9, 0, 3, 20, -2, 13, 15, -3, 13, 17, 17]
[-9, -8, -8, -8, -7, -6, -4, -3, 6, 18, 3, 19, 16, 11, 11, 15, 1, 5, 0, 13, -2, 4, 8, 8, 9, 0, 3, 20, -2, 13, 15, 8, 13, 17, 17]
[-9, -8, -8, -8, -7, -6, -4, -3, -2, 18, 3, 19, 16, 11, 11, 15, 1, 5, 0, 13, 6, 4, 8, 8, 9, 0, 3, 20, -2, 13, 15, 8, 13, 17, 17]
[-9, -8, -8, -8, -7, -6, -4, -3, -2, -2, 3, 19, 16, 11, 11, 15, 1, 5, 0, 13, 6, 4, 8, 8, 9, 0, 3, 20, 18, 13, 15, 8, 13, 17, 17]
[-9, -8, -8, -8, -7, -6, -4, -3, -2, -2, 0, 19, 16, 11, 11, 15, 1, 5, 3, 13, 6, 4, 8, 8, 9, 0, 3, 20, 18, 13, 15, 8, 13, 17, 17]
[-9, -8, -8, -8, -7, -6, -4, -3, -2, -2, 0, 0, 16, 11, 11, 15, 1, 5, 3, 13, 6, 4, 8, 8, 9, 19, 3, 20, 18, 13, 15, 8, 13, 17, 17]
[-9, -8, -8, -8, -7, -6, -4, -3, -2, -2, 0, 0, 1, 11, 11, 15, 16, 5, 3, 13, 6, 4, 8, 8, 9, 19, 3, 20, 18, 13, 15, 8, 13, 17, 17]
[-9, -8, -8, -8, -7, -6, -4, -3, -2, -2, 0, 0, 1, 3, 11, 15, 16, 5, 11, 13, 6, 4, 8, 8, 9, 19, 3, 20, 18, 13, 15, 8, 13, 17, 17]
[-9, -8, -8, -8, -7, -6, -4, -3, -2, -2, 0, 0, 1, 3, 3, 15, 16, 5, 11, 13, 6, 4, 8, 8, 9, 19, 11, 20, 18, 13, 15, 8, 13, 17, 17]
[-9, -8, -8, -8, -7, -6, -4, -3, -2, -2, 0, 0, 1, 3, 3, 4, 16, 5, 11, 13, 6, 15, 8, 8, 9, 19, 11, 20, 18, 13, 15, 8, 13, 17, 17]
[-9, -8, -8, -8, -7, -6, -4, -3, -2, -2, 0, 0, 1, 3, 3, 4, 5, 16, 11, 13, 6, 15, 8, 8, 9, 19, 11, 20, 18, 13, 15, 8, 13, 17, 17]
[-9, -8, -8, -8, -7, -6, -4, -3, -2, -2, 0, 0, 1, 3, 3, 4, 5, 6, 11, 13, 16, 15, 8, 8, 9, 19, 11, 20, 18, 13, 15, 8, 13, 17, 17]
[-9, -8, -8, -8, -7, -6, -4, -3, -2, -2, 0, 0, 1, 3, 3, 4, 5, 6, 8, 13, 16, 15, 11, 8, 9, 19, 11, 20, 18, 13, 15, 8, 13, 17, 17]
[-9, -8, -8, -8, -7, -6, -4, -3, -2, -2, 0, 0, 1, 3, 3, 4, 5, 6, 8, 8, 16, 15, 11, 13, 9, 19, 11, 20, 18, 13, 15, 8, 13, 17, 17]
[-9, -8, -8, -8, -7, -6, -4, -3, -2, -2, 0, 0, 1, 3, 3, 4, 5, 6, 8, 8, 8, 15, 11, 13, 9, 19, 11, 20, 18, 13, 15, 16, 13, 17, 17]
[-9, -8, -8, -8, -7, -6, -4, -3, -2, -2, 0, 0, 1, 3, 3, 4, 5, 6, 8, 8, 8, 9, 11, 13, 15, 19, 11, 20, 18, 13, 15, 16, 13, 17, 17]
[-9, -8, -8, -8, -7, -6, -4, -3, -2, -2, 0, 0, 1, 3, 3, 4, 5, 6, 8, 8, 8, 9, 11, 13, 15, 19, 11, 20, 18, 13, 15, 16, 13, 17, 17]
[-9, -8, -8, -8, -7, -6, -4, -3, -2, -2, 0, 0, 1, 3, 3, 4, 5, 6, 8, 8, 8, 9, 11, 11, 15, 19, 13, 20, 18, 13, 15, 16, 13, 17, 17]
[-9, -8, -8, -8, -7, -6, -4, -3, -2, -2, 0, 0, 1, 3, 3, 4, 5, 6, 8, 8, 8, 9, 11, 11, 13, 19, 15, 20, 18, 13, 15, 16, 13, 17, 17]
[-9, -8, -8, -8, -7, -6, -4, -3, -2, -2, 0, 0, 1, 3, 3, 4, 5, 6, 8, 8, 8, 9, 11, 11, 13, 13, 15, 20, 18, 19, 15, 16, 13, 17, 17]
[-9, -8, -8, -8, -7, -6, -4, -3, -2, -2, 0, 0, 1, 3, 3, 4, 5, 6, 8, 8, 8, 9, 11, 11, 13, 13, 13, 20, 18, 19, 15, 16, 15, 17, 17]
[-9, -8, -8, -8, -7, -6, -4, -3, -2, -2, 0, 0, 1, 3, 3, 4, 5, 6, 8, 8, 8, 9, 11, 11, 13, 13, 13, 15, 18, 19, 20, 16, 15, 17, 17]
[-9, -8, -8, -8, -7, -6, -4, -3, -2, -2, 0, 0, 1, 3, 3, 4, 5, 6, 8, 8, 8, 9, 11, 11, 13, 13, 13, 15, 15, 19, 20, 16, 18, 17, 17]
[-9, -8, -8, -8, -7, -6, -4, -3, -2, -2, 0, 0, 1, 3, 3, 4, 5, 6, 8, 8, 8, 9, 11, 11, 13, 13, 13, 15, 15, 16, 20, 19, 18, 17, 17]
[-9, -8, -8, -8, -7, -6, -4, -3, -2, -2, 0, 0, 1, 3, 3, 4, 5, 6, 8, 8, 8, 9, 11, 11, 13, 13, 13, 15, 15, 16, 17, 19, 18, 20, 17]
[-9, -8, -8, -8, -7, -6, -4, -3, -2, -2, 0, 0, 1, 3, 3, 4, 5, 6, 8, 8, 8, 9, 11, 11, 13, 13, 13, 15, 15, 16, 17, 17, 18, 20, 19]
[-9, -8, -8, -8, -7, -6, -4, -3, -2, -2, 0, 0, 1, 3, 3, 4, 5, 6, 8, 8, 8, 9, 11, 11, 13, 13, 13, 15, 15, 16, 17, 17, 18, 20, 19]
[-9, -8, -8, -8, -7, -6, -4, -3, -2, -2, 0, 0, 1, 3, 3, 4, 5, 6, 8, 8, 8, 9, 11, 11, 13, 13, 13, 15, 15, 16, 17, 17, 18, 19, 20]
[-9, -8, -8, -8, -7, -6, -4, -3, -2, -2, 0, 0, 1, 3, 3, 4, 5, 6, 8, 8, 8, 9, 11, 11, 13, 13, 13, 15, 15, 16, 17, 17, 18, 19, 20]
